    10.000      0.527      2.108      2.108      2.342
    15.000      0.645      2.582      2.582      4.303
    20.000      0.745      2.982      2.982      6.625
    25.000      0.833      3.333      3.333      9.259
    30.000      0.913      3.652      3.652     12.172
    35.000      0.986      3.944      3.944     15.338
    40.000      1.054      4.217      4.217     18.739
    45.000      1.118      4.472      4.472     22.361
    50.000      1.178      4.714      4.714     26.189
    55.000      1.236      4.944      4.944     30.214
    60.000      1.291      5.164      5.164     34.427
    65.000      1.344      5.375      5.375     38.818
    70.000      1.394      5.578      5.578     43.382
    75.000      1.443      5.774      5.774     48.113
    80.000      1.491      5.963      5.963     53.003
    85.000      1.536      6.147      6.147     58.049
    90.000      1.581      6.325      6.325     63.246
    95.000      1.624      6.498      6.498     68.589
   100.000      1.667      6.667      6.667     74.074
